F1 = 0.769010629599346
P = 0.7596930533117933
R = 0.7785596026490066
eval_loss = 0.333407305372584
