F1 = 0.7709061023217587
P = 0.7654018767849857
R = 0.7764900662251656
eval_loss = 0.29068153011782727
global_step = 2434
loss = 0.13145572502983333
